-46.7246 2.74707 0.161475 3.88616 1.49095 0.687793 -0.790304 0.9666 0
1.11055 18.8832 -1.91629 3.76292 1.74395 1.51813 -0.78677 0.965119 0
20.5508 12.4066 -1.80622 2.63465 1.6339 1.77748 2.41648 0.959231 0
30.8543 23.7531 -2.15454 3.17799 1.40301 2.01611 2.42697 0.948251 0
-16.2203 -1.86211 -1.83391 4.45551 1.81785 1.4725 -0.781962 0.94079 0
22.8352 14.7533 -1.92673 2.89642 1.47718 1.87007 2.43087 0.940572 0
-37.3914 25.1539 -0.88564 3.9861 1.76278 1.67387 -2.47083 0.934991 0
19.5086 36.325 -1.97209 3.40284 1.16769 1.27621 -0.85854 0.934753 0
-32.1973 -24.1711 -1.57771 4.21016 1.96173 1.59683 -2.28027 0.934395 0
18.6371 10.5901 -1.84268 2.84318 1.72447 1.80547 2.38448 0.931836 0
27.3215 18.8219 -1.94605 3.35008 1.15861 1.93604 2.30605 0.922761 0
3.93281 21.769 -1.97397 4.31842 1.87007 1.71356 -0.827413 0.921358 0
7.45567 -7.60898 -1.77179 11.6473 2.78546 2.81555 2.40986 0.919787 0
17.9402 33.8621 -2.09249 2.39186 1.30107 1.30999 -0.832132 0.917598 0
-7.54297 -7.89902 -1.85527 3.74094 1.96269 1.42929 0.850583 0.917451 0
-28.3539 -14.5445 -1.66229 3.64359 1.66897 1.40954 -0.741591 0.917303 0
-43.6937 -28.3598 -1.06472 2.88513 1.66165 1.20756 -0.763087 0.917006 0
-21.2516 24.2816 -1.18409 1.73885 1.77748 1.4258 2.27294 0.906818 0
6.24219 23.3408 -1.93836 3.91664 1.75591 1.87281 -0.926517 0.903975 0
24.4867 16.9299 -1.94006 2.23491 1.13204 1.34106 2.39495 0.90261 0
-4.89805 13.3531 -1.85376 4.38643 2.0791 1.62158 -0.757149 0.894605 0
25.1648 41.2543 -1.94343 2.16615 1.10326 1.05873 2.35264 0.891999 0
10.1891 -3.34062 -1.8752 4.25147 1.72616 1.93888 0.786091 0.889337 0
11.8234 29.3496 -2.03628 4.82697 1.51369 1.40851 -0.751165 0.879871 0
23.5791 39.4598 -2.06372 1.93132 0.739878 1.02979 -0.791813 0.871365 0
15.2721 5.43555 -1.99587 4.54782 1.92379 1.98002 2.37779 0.863392 0
14.5221 32.6867 -2.01795 4.73361 1.95313 1.60621 -0.777838 0.858006 0
-21.5178 -7.40898 -1.72703 3.87479 1.5477 1.43453 -0.861961 0.85741 0
-3.67422 43.6457 -0.556007 2.02499 1.50558 0.549026 2.40936 0.850593 0
-15.0781 -15.5516 -1.03034 1.69608 1.73038 0.687625 0.735161 0.839339 0
36.7359 29.9816 -2.30807 2.6398 0.995311 1.34269 2.3991 0.820037 0
21.5172 38.0043 -2.00822 2.94491 1.17155 1.21956 -0.86269 0.807157 0
-1.20664 17.5805 -1.88928 4.30579 1.7888 1.41333 -0.767905 0.773045 0
-5.76719 41.2891 -0.599903 1.92004 1.45073 0.638282 2.28426 0.771155 0
-25.6531 -10.593 -1.67864 4.21427 1.85642 1.76451 -0.829447 0.769946 0
-17.5801 -4.64687 -1.79897 2.93343 1.72785 1.44755 2.32466 0.756537 0
34.5223 40.9803 -2.29467 4.18556 1.90602 2.01513 0.785398 0.738669 0
16.7859 8.31875 -2.00705 3.82591 1.89212 2.00629 2.41419 0.735642 0
28.8318 20.9953 -2.02521 3.23119 1.54656 1.87464 2.38989 0.723407 0
-37.7227 -22.4262 -1.49588 4.66022 1.70855 1.33648 -0.866751 0.721645 0
39.3563 32.1759 -1.97856 3.2186 0.840852 1.45322 2.46639 0.698227 0
11.9609 -15.0057 -1.66795 4.51684 1.60739 1.48043 0.826367 0.690976 0
55.5295 67.9074 0.726161 3.50058 0.538144 0.840647 -0.681965 0.285671 0
-19.0719 41.3457 -0.0425666 2.28344 1.32349 0.539723 -2.37693 0.278061 0
57.1287 62.6922 0.446002 4.01736 1.08927 1.14315 -0.638993 0.219505 0
-39.7777 14.8934 0.0129249 2.21211 0.920063 0.743681 1.6995 0.19498 0
57.615 60.6391 1.08189 1.40096 0.968228 0.621369 -0.270908 0.191479 0
-7.13672 -3.72676 -1.76273 0.811408 0.762619 1.67878 -2.84258 0.813461 1
-13.718 -3.19551 -1.81217 0.610691 0.678122 1.62435 -0.595045 0.807005 1
-13.0934 -2.43906 -1.79703 0.498188 0.526963 1.5511 -0.776375 0.800692 1
-35.8166 25.1217 -0.89469 0.374403 0.500627 1.36018 3.03075 0.668015 1
56.3566 63.9379 0.613097 0.291017 0.759461 1.03162 0.397483 0.299105 1
-19.4246 38.3547 0.0671154 0.227087 0.421776 0.364304 0.71725 0.192539 1
-36.2262 24.9865 -0.733097 0.384782 0.440294 1.23438 2.81236 0.174973 1
-2.14824 -1.82344 -1.88781 0.266011 0.278233 0.642817 1.35864 0.957278 3
1.99004 -0.61621 -1.86498 0.224441 0.230663 0.612782 0.379071 0.956957 3
-1.12109 1.35039 -1.81748 0.199622 0.206967 0.549026 0.851211 0.943556 3
2.0836 2.00391 -1.91766 0.280141 0.278233 0.639999 0.447903 0.941654 3
2.59961 0.676564 -1.88046 0.249894 0.250382 0.612483 0.457317 0.927757 3
-2.66953 -0.248046 -1.7888 0.238218 0.261376 0.569783 0.880272 0.911967 3
0.635939 2.68418 -1.86765 0.232699 0.234067 0.493106 0.965898 0.872782 3
0.880665 -1.6793 -1.88347 0.257826 0.263941 0.63023 0.410814 0.853425 3
-0.881249 -2.66719 -1.87297 0.235672 0.226423 0.409999 0.94089 0.777131 3
-44.175 -35.7234 -1.26161 1.42198 0.607568 0.770291 -1.68989 0.559711 2
-5.37734 -5.33535 -1.54819 0.191975 0.181758 0.436228 2.95215 0.171338 3
0.593751 -1.4791 -1.88804 0.207169 0.219671 0.59248 0.372376 0.124639 3
-17.032 -19.277 -1.59265 0.196527 0.2251 0.751713 0.592267 0.108945 3
-50.6594 -43.4531 -1.24773 0.651666 0.973977 0.924172 -2.57049 0.105211 2
-24.2621 16.4324 -0.95255 0.735915 0.578191 0.645333 -0.0742778 0.102484 2
